[gd_scene load_steps=5 format=2]

[ext_resource path="res://assets/blender2.79_old/textures/monte_lixo2_color.png" type="Texture" id=1]
[ext_resource path="res://assets/blender2.79_old/assets/event2_char1/no_collision_v2_event2_char1_v1.escn" type="PackedScene" id=2]

[sub_resource type="SpatialMaterial" id=1]
albedo_texture = ExtResource( 1 )

[sub_resource type="SpatialMaterial" id=2]
albedo_texture = ExtResource( 1 )

[node name="no_collision_v2_event2_char1_v1" instance=ExtResource( 2 )]

[node name="monte_lixo2002" parent="." index="0"]
material/0 = SubResource( 1 )

[node name="monte_lixo2001" parent="." index="1"]
material/0 = SubResource( 2 )

[node name="Cube014" parent="." index="32"]
transform = Transform( 0.530831, 0, -0.847478, 0, 1, 0, 0.847478, 0, 0.530831, -49.9625, -6.14226, -223.526 )

[node name="Cube013" parent="." index="33"]
transform = Transform( 0.530831, 0, -0.847478, 0, 1, 0, 0.847478, 0, 0.530831, -46.568, -5.693, -218.123 )

[node name="Cube012" parent="." index="34"]
transform = Transform( 0.530831, 0, -0.847478, 0, 1, 0, 0.847478, 0, 0.530831, -42.8361, -5.693, -212.454 )

[node name="Cube011" parent="." index="35"]
transform = Transform( 0.530831, 0, -0.847478, 0, 1, 0, 0.847478, 0, 0.530831, -39.5521, -6.02905, -207.466 )
